6
0	19	14	82	37	10	
19	0	29	71	34	89	
14	29	0	8	81	35	
82	71	8	0	40	88	
37	34	81	40	0	34	
10	89	35	88	34	0	