6
0	26	60	77	30	65	
26	0	27	41	99	71	
60	27	0	19	78	56	
77	41	19	0	66	24	
30	99	78	66	0	40	
65	71	56	24	40	0	